timestep cumulative_finished interval_finished
100 0 0
200 0 0
300 0 0
400 0 0
500 1 1
600 1 0
700 1 0
800 2 1
900 4 2
1000 4 0
1100 5 1
1200 7 2
1300 9 2
1400 9 0
1500 9 0
1600 9 0
1700 10 1
1800 10 0
1900 12 2
2000 12 0
2100 13 1
2200 17 4
2300 17 0
2400 20 3
2500 20 0
2600 20 0
2700 23 3
2800 24 1
2900 25 1
3000 29 4
3100 30 1
3200 33 3
3300 35 2
3400 36 1
3500 36 0
3600 36 0
3700 36 0
3800 38 2
3900 39 1
4000 39 0
4100 40 1
4200 41 1
4300 41 0
4400 42 1
4500 43 1
4600 43 0
4700 43 0
4800 44 1
4900 45 1
5000 46 1
5100 46 0
5200 47 1
5300 47 0
5400 48 1
5500 48 0
5600 49 1
5700 50 1
5800 51 1
5900 51 0
6000 51 0
6100 51 0
6200 51 0
6300 51 0
6400 51 0
6500 52 1
6600 52 0
6700 52 0
6800 52 0
6900 52 0
7000 52 0
7100 52 0
7200 52 0
7300 52 0
7400 52 0
7500 52 0
7600 53 1
7700 53 0
7800 53 0
7900 53 0
8000 53 0
8100 53 0
8200 53 0
8300 53 0
8400 55 2
8500 55 0
8600 56 1
8700 57 1
8800 57 0
8900 57 0
9000 58 1
9100 61 3
9200 61 0
9300 61 0
9400 62 1
9500 62 0
9600 62 0
9700 62 0
9800 62 0
9900 64 2
10000 64 0
10100 65 1
10200 66 1
10300 66 0
10400 66 0
10500 66 0
10600 67 1
10700 68 1
10800 68 0
10900 68 0
11000 68 0
11100 68 0
11200 71 3
11300 71 0
11400 72 1
11500 72 0
11600 73 1
11700 75 2
11800 75 0
11900 75 0
12000 75 0
12100 75 0
12200 76 1
12300 76 0
12400 76 0
12500 78 2
12600 78 0
12700 78 0
12800 79 1
12900 81 2
13000 81 0
13100 81 0
13200 81 0
13300 83 2
13400 84 1
13500 84 0
13600 85 1
13700 85 0
13800 86 1
13900 86 0
14000 86 0
14100 86 0
14200 86 0
14300 87 1
14400 87 0
14500 87 0
14600 87 0
14700 87 0
14800 87 0
14900 87 0
15000 87 0
15100 87 0
15200 89 2
15300 89 0
15400 89 0
15500 91 2
15600 91 0
15700 92 1
15800 92 0
15900 92 0
16000 93 1
16100 93 0
16200 93 0
16300 94 1
16400 94 0
16500 96 2
16600 96 0
16700 96 0
16800 96 0
16900 97 1
17000 98 1
17100 100 2
17200 101 1
17300 101 0
17400 102 1
17500 103 1
17600 103 0
17700 103 0
17800 103 0
17900 103 0
18000 103 0
18100 103 0
18200 103 0
18300 105 2
18400 105 0
18500 110 5
18600 112 2
18700 112 0
18800 112 0
18900 113 1
19000 113 0
19100 113 0
19200 113 0
19300 113 0
19400 115 2
19500 116 1
19600 117 1
19700 117 0
19800 117 0
19900 117 0
20000 120 3
20100 121 1
20200 121 0
20300 122 1
20400 123 1
20500 124 1
20600 125 1
20700 126 1
20800 126 0
20900 127 1
21000 127 0
21100 127 0
21200 128 1
21300 128 0
21400 128 0
21500 128 0
21600 128 0
21700 129 1
21800 129 0
21900 130 1
22000 130 0
22100 130 0
22200 131 1
22300 132 1
22400 132 0
22500 133 1
22600 134 1
22700 135 1
22800 135 0
22900 136 1
23000 136 0
23100 138 2
23200 139 1
23300 139 0
23400 140 1
23500 140 0
23600 140 0
23700 142 2
23800 142 0
23900 142 0
24000 142 0
24100 143 1
24200 143 0
24300 144 1
24400 144 0
24500 146 2
24600 146 0
24700 147 1
24800 147 0
24900 147 0
25000 148 1
25100 148 0
25200 148 0
25300 148 0
25400 149 1
25500 150 1
25600 152 2
25700 152 0
25800 152 0
25900 152 0
26000 153 1
26100 153 0
26200 153 0
26300 153 0
26400 154 1
26500 154 0
26600 154 0
26700 154 0
26800 155 1
26900 155 0
27000 155 0
27100 155 0
27200 156 1
27300 157 1
27400 157 0
27500 157 0
27600 157 0
27700 157 0
27800 157 0
27900 158 1
28000 158 0
28100 158 0
28200 158 0
28300 158 0
28400 160 2
28500 160 0
28600 160 0
28700 160 0
28800 160 0
28900 160 0
29000 160 0
29100 160 0
29200 160 0
29300 161 1
29400 161 0
29500 161 0
29600 161 0
29700 161 0
29800 161 0
29900 161 0
30000 162 1
